LOSS_3000
6.9297
6.8986
6.8872
6.8640
6.8509
6.8274
6.8108
6.7962
6.7911
6.7690
6.7564
6.7302
6.7265
6.7046
6.6894
6.6510
6.6683
6.6579
6.6284
6.6485
6.6335
6.6411
6.6264
6.6288
6.6394
6.6355
6.6422
6.6320
6.6523
6.6238
6.6119
6.6073
6.5450
6.5123
6.5052
6.4672
6.4294
6.4289
6.3929
6.4018
6.3873
6.3923
6.3715
6.3754
6.3853
6.3792
6.3571
6.3792
6.3894
6.3925
6.3254
6.3514
6.3084
6.3205
6.2646
6.2611
6.2139
6.2090
6.2057
6.1830
6.1585
6.1834
6.1642
6.1419
6.1467
6.1839
6.2278
6.2036
6.2109
6.1962
6.2050
6.1981
6.1655
6.1366
6.1259
6.0708
6.0195
6.0164
5.9922
5.9824
5.9764
5.9417
5.9359
5.9461
5.9652
5.9768
5.9711
6.0100
6.0436
6.0025
6.0370
6.0354
5.9788
5.9644
5.8942
5.9127
5.8243
5.8390
5.8207
5.7606
5.7669
5.7871
5.7991
5.7872
5.8079
5.8439
5.8313
5.8677
5.8793
5.8651
5.8972
5.8592
5.8843
5.8259
5.8032
5.7937
5.7568
5.7135
5.6519
5.6512
5.6196
5.6653
5.6829
5.6709
5.6748
5.6975
5.7325
5.7369
5.7593
5.7540
5.6937
5.7320
5.7606
5.7243
5.7069
5.6413
5.5961
5.5943
5.5001
5.5217
5.4790
5.4363
5.4550
5.5228
5.5132
5.4988
5.5600
5.5782
5.6182
5.5900
5.5897
5.6094
5.5455
5.5390
5.5200
5.4617
5.4495
5.3992
5.3893
5.3406
5.3865
5.3608
5.3502
5.3874
5.3301
5.3336
5.4558
5.4557
5.5279
5.5293
5.4725
5.4858
5.4837
5.4419
5.3999
5.3615
5.3618
5.2689
5.1996
5.2641
5.2392
5.2007
5.2294
5.2023
5.2099
5.2479
5.2488
5.2929
5.3400
5.3314
5.3352
5.3667
5.3384
5.2966
5.2422
5.2154
5.1941
5.0861
5.0937
5.0861
5.0511
5.0563
5.0596
5.0758
5.0732
5.1338
5.1803
5.2060
5.1985
5.2863
5.2339
5.2308
5.2395
5.1449
5.1205
5.1184
5.0444
5.0410
4.9694
4.9571
4.9374
4.9549
4.9268
4.9528
4.9349
4.9980
4.9974
5.0253
5.1055
5.1248
5.0982
5.0938
5.1106
5.0716
4.9865
4.9872
4.9314
4.8696
4.7994
4.8168
4.8376
4.8682
4.8122
4.7833
4.8947
4.8655
4.8800
4.9086
4.9478
5.0511
5.0045
4.9515
4.9879
4.9494
4.8541
4.9197
4.8252
4.8218
4.7219
4.7235
4.7358
4.6559
4.7349
4.6904
4.8060
4.7622
4.8230
4.8581
4.8463
4.8638
4.8828
4.8184
4.8432
4.8318
4.7892
4.7670
4.7337
4.6715
4.6499
4.5927
4.6174
4.5861
4.5565
4.5646
4.5107
4.6196
4.6578
4.6704
4.7768
4.7757
4.8178
4.8023
4.8325
4.7314
4.6859
4.6194
4.5665
4.5349
4.5347
4.4221
4.4968
4.5070
4.4642
4.4278
4.4673
4.5925
4.5206
4.5959
4.6618
4.6748
4.6283
4.7166
4.6624
4.6239
4.5912
4.5562
4.4570
4.3465
4.3820
4.3699
4.3689
4.3628
4.3805
4.3568
4.3565
4.4692
4.4788
4.4904
4.5747
4.5365
4.6255
4.5921
4.5171
4.5255
4.4826
4.3899
4.4521
4.3409
4.3341
4.3216
4.2442
4.2745
4.2122
4.3165
4.3032
4.3516
4.3215
4.3807
4.4637
4.4638
4.5017
4.4664
4.4621
4.4047
4.3418
4.2832
4.2916
4.2580
4.1798
4.1670
4.1630
4.1953
4.1326
4.1704
4.0835
4.1795
4.2937
4.2632
4.3333
4.4338
4.3404
4.3426
4.2779
4.3165
4.2970
4.1969
4.1971
4.0882
4.1232
4.1010
4.0975
4.0695
4.0347
4.0155
4.0314
4.0963
4.1407
4.1359
4.2419
4.2788
4.2521
4.2212
4.2627
4.2077
4.1470
4.1901
3.9636
4.0226
3.9363
3.9395
3.9879
3.9660
3.9156
3.9533
3.9177
4.0221
4.0952
4.0559
4.2134
4.1490
4.3142
4.1819
4.1768
4.1899
4.1844
4.1329
3.9678
3.9101
3.8847
3.8649
3.9096
3.8858
3.8812
3.7986
3.9325
3.9504
3.9719
3.9712
4.0817
4.0828
4.0619
4.0648
4.0832
4.0840
4.0014
3.9453
3.9219
3.8811
3.7271
3.7430
3.8684
3.7196
3.8137
3.8268
3.7598
3.8392
3.8594
3.8649
3.9333
3.9746
3.9744
4.0097
3.9823
3.9925
3.9901
3.8710
3.9022
3.7738
3.7408
3.7234
3.6954
3.7469
3.7152
3.6927
3.7108
3.7596
3.8227
3.9282
3.9013
3.9397
3.8685
3.9556
3.9896
3.8554
3.8326
3.7435
3.8113
3.7383
3.7404
3.6380
3.7337
3.5941
3.6111
3.5702
3.6171
3.6163
3.6693
3.8108
3.8053
3.8913
3.8936
3.8842
3.8740
3.7940
3.7437
3.7651
3.6940
3.7097
3.5927
3.5456
3.5969
3.5350
3.6008
3.5786
3.5581
3.6083
3.6269
3.6752
3.7338
3.7581
3.7542
3.7946
3.7285
3.7131
3.7556
3.6648
3.6189
3.5797
3.6001
3.4825
3.4814
3.5238
3.4781
3.5552
3.4562
3.5151
3.5869
3.6299
3.6915
3.7400
3.7664
3.7447
3.7676
3.7143
3.5598
3.6204
3.6051
3.4649
3.3840
3.4510
3.4633
3.4271
3.3569
3.3828
3.4466
3.4843
3.5370
3.5736
3.6136
3.6243
3.6979
3.6976
3.6301
3.6363
3.5952
3.4553
3.4582
3.4526
3.3619
3.3847
3.3230
3.4193
3.3847
3.3028
3.3158
3.3456
3.4681
3.5028
3.5649
3.6034
3.6637
3.6018
3.6082
3.6032
3.5522
3.5576
3.4092
3.3714
3.3560
3.3282
3.3154
3.3586
3.2812
3.3048
3.2814
3.2828
3.3898
3.4366
3.4904
3.5453
3.5563
3.5235
3.5089
3.5031
3.4895
3.4545
3.3868
3.2770
3.3127
3.2542
3.2712
3.2269
3.2926
3.2620
3.2884
3.3090
3.2969
3.4095
3.3678
3.5246
3.5450
3.5495
3.4790
3.4030
3.4078
3.3626
3.3008
3.2586
3.2241
3.2029
3.1678
3.1775
3.2195
3.1588
3.1665
3.2268
3.2625
3.3460
3.3282
3.4552
3.4042
3.4430
3.4270
3.4186
3.3970
3.3635
3.3279
3.2288
3.1612
3.1115
3.1524
3.1325
3.1255
3.1148
3.2109
3.1843
3.2145
3.1964
3.3412
3.4001
3.3162
3.3625
3.3468
3.2937
3.3205
3.2419
3.1379
3.1554
3.1260
3.1704
3.1164
3.0705
3.1141
3.0580
3.1060
3.0843
3.2499
3.2451
3.2801
3.3658
3.3063
3.2824
3.2889
3.3012
3.2990
3.2021
3.1230
3.0749
3.1471
3.0111
3.1080
3.0653
3.0619
3.0747
3.0758
3.0883
3.1177
3.2142
3.2017
3.2332
3.2551
3.2226
3.2935
3.2400
3.1566
3.1408
3.1378
3.0670
3.0097
2.9156
3.0276
3.0144
3.0114
2.9795
2.9878
3.0445
3.1476
3.0875
3.1713
3.1686
3.2312
3.2913
3.2850
3.2088
3.1253
3.0736
3.0150
3.0205
3.0020
2.9009
3.0035
2.9728
2.9552
2.9217
2.9982
3.0094
3.0526
3.0285
3.1338
3.0922
3.1588
3.2040
3.2344
3.1431
3.0857
3.1419
3.0092
2.9661
2.9102
2.9624
2.9184
2.9140
2.9506
2.8963
2.8915
2.9394
2.9127
2.9959
3.0001
3.1539
3.1256
3.1716
3.1209
3.1086
3.1656
2.9636
2.9726
2.9475
2.9321
2.8967
2.8962
2.8961
2.8567
2.8645
2.8121
2.8634
2.9226
2.9981
3.0620
3.0704
3.1360
3.0909
3.0092
3.1361
2.9885
2.9875
2.9918
2.8428
2.8535
2.8320
2.8383
2.8876
2.7628
2.8314
2.8010
2.7733
2.9204
2.9450
2.9938
3.0136
3.0967
3.1311
3.0949
3.0070
2.9506
2.9507
2.9253
2.8755
2.8644
2.7877
2.7502
2.8050
2.7885
2.8128
2.7862
2.7886
2.7423
2.8837
2.9533
3.0339
2.9810
3.0688
3.0327
2.9960
2.9794
2.8807
2.8720
2.8257
2.7760
2.7120
2.7121
2.7275
2.7173
2.7488
2.7453
2.7873
2.7827
2.8972
2.9287
2.9936
2.8985
3.0109
2.9968
2.9016
2.9717
2.8245
2.8370
2.6773
2.7698
2.6929
2.7088
2.6786
2.6794
2.6911
2.7182
2.7636
2.7930
2.8250
2.9079
2.8803
2.8890
2.9141
2.8982
2.8641
2.8631
2.8553
2.7700
2.7555
2.7030
2.6552
2.7245
2.6538
2.6454
2.6836
2.6895
2.6737
2.7334
2.7801
2.8546
2.9247
2.8564
2.8710
2.9342
2.7937
2.8771
2.8395
2.7874
2.6758
2.6518
2.6057
2.6571
2.6753
2.6371
2.6612
2.6805
2.6355
2.7045
2.8039
2.8346
2.8298
2.8887
2.8864
2.8528
2.8869
2.7808
2.6892
2.7945
2.5785
2.6658
2.6477
2.5967
2.5720
2.5620
2.6378
2.6455
2.6278
2.7081
2.8119
2.7450
2.7616
2.8685
2.8029
2.7941
2.8907
2.7653
2.7628
2.6033
2.5853
2.6282
2.5487
2.4964
2.5690
2.5333
2.5595
2.6283
2.5767
2.6411
2.6434
2.6701
2.7160
2.7363
2.8472
2.7675
2.7376
2.6386
2.6834
2.6174
2.6017
2.5147
2.5207
2.5099
2.5221
2.5397
2.4788
2.4998
2.5472
2.6172
2.6863
2.8202
2.7409
2.7867
2.8168
2.7563
2.7310
2.6911
2.6643
2.6216
2.5756
2.5686
2.5537
2.5166
2.5259
2.5366
2.4499
2.4627
2.5198
2.5697
2.5906
2.6603
2.6406
2.6891
2.7386
2.7730
2.7112
2.6856
2.6081
2.5986
2.5158
2.4892
2.4173
2.4759
2.4751
2.5016
2.4400
2.4631
2.5544
2.5278
2.6384
2.6924
2.7045
2.7206
2.6747
2.6995
2.6003
2.6280
2.6102
2.5245
2.5319
2.4085
2.4143
2.4531
2.3862
2.4116
2.5299
2.4019
2.3881
2.4593
2.5402
2.6417
2.6374
2.6426
2.6799
2.7419
2.6846
2.6696
2.5526
2.4676
2.4637
2.4455
2.4260
2.4644
2.4485
2.4296
2.3760
2.3451
2.4523
2.4858
2.5564
2.5298
2.5576
2.6376
2.7132
2.6477
2.5254
2.5685
2.5308
2.5587
2.4336
2.4054
2.4185
2.4032
2.3908
2.4137
2.3863
2.4278
2.3688
2.4000
2.4761
2.5462
2.6093
2.5752
2.5673
2.5759
2.5211
2.5446
2.4678
2.4282
2.4419
2.3562
2.3288
2.3523
2.3348
2.3434
2.3421
2.3021
2.3611
2.3941
2.4620
2.4816
2.4843
2.4675
2.6576
2.5617
2.5590
2.5184
2.4733
2.4084
2.3359
2.3630
2.3390
2.3728
2.3002
2.3811
2.2953
2.3009
2.3557
2.3704
2.3630
2.5255
2.5160
2.5431
2.5845
2.6020
2.5700
2.5132
2.5100
2.4010
2.3475
2.3179
2.3806
2.3097
2.2891
2.2685
2.2508
2.2565
2.3023
2.3398
2.3668
2.4245
2.4363
2.4968
2.4899
2.5256
2.4919
2.5162
2.4517
2.4271
2.3336
2.2783
2.2439
2.2961
2.3030
2.3507
2.2113
2.2811
2.3080
2.3533
2.3733
2.4803
2.4616
2.4703
2.4795
2.5181
2.4805
2.3709
2.3749
2.3548
2.3115
2.3220
2.2866
2.2532
2.2167
2.2700
2.2566
2.1910
2.3529
2.3617
2.3939
2.3835
2.3866
2.4551
2.4955
2.4375
2.4637
2.3717
2.3405
2.2836
2.3236
2.2496
2.1630
2.1905
2.2137
2.2351
2.2448
2.1702
2.2646
2.2741
2.3302
2.3735
2.3424
2.4650
2.3927
2.3845
2.3921
2.4058
2.3365
2.2796
2.2574
2.3000
2.2707
2.1273
2.2028
2.2103
2.2293
2.1231
2.2067
2.2337
2.2564
2.3055
2.4421
2.4522
2.3978
2.3911
2.4237
2.3937
2.3302
2.2756
2.2237
2.1718
2.1743
2.1849
2.1817
2.2106
2.1465
2.1781
2.1891
2.2848
2.3116
2.3182
2.3866
2.3923
2.4605
2.4130
2.3939
2.3434
2.2663
2.2446
2.1761
2.1789
2.1288
2.0845
2.2018
2.1673
2.1165
2.1248
2.1879
2.2145
2.2387
2.2239
2.3286
2.3031
2.3876
2.3982
2.3118
2.2866
2.2137
2.1924
2.2320
2.1412
2.1247
2.0918
2.1784
2.1310
2.1238
2.1133
2.1431
2.1785
2.2347
2.3028
2.2496
2.3025
2.4343
2.3128
2.2811
2.2787
2.2759
2.1610
2.1328
2.1456
2.2013
2.0975
2.0827
2.1202
2.0675
2.0778
2.1206
2.1292
2.2172
2.2619
2.3039
2.2458
2.3207
2.3559
2.3007
2.2174
2.2062
2.1535
2.1653
2.0732
2.0753
2.0295
2.0315
2.1218
2.0648
2.0597
2.1079
2.0751
2.1302
2.2282
2.2841
2.2706
2.3012
2.3302
2.2686
2.2196
2.1547
2.1241
2.0873
2.1014
2.0401
2.0292
2.0652
2.0748
2.0089
2.0113
2.0852
2.1181
2.1428
2.1610
2.2365
2.2333
2.2891
2.2619
2.2506
2.2580
2.1478
2.1073
2.1096
2.0907
2.0790
2.0384
2.0809
1.9639
1.9868
2.0278
2.0717
2.0735
2.0402
2.1785
2.2161
2.3119
2.1875
2.2143
2.2889
2.1840
2.1505
2.1647
2.0764
1.9878
2.0605
2.0612
2.0408
1.9794
1.9918
1.9684
2.0071
2.0015
2.1295
2.1433
2.1372
2.2808
2.2814
2.2579
2.2641
2.2052
2.1295
2.0781
2.0492
1.9316
1.9582
1.9635
1.9959
1.9590
1.9745
2.0032
2.0322
2.0211
2.0692
2.1120
2.1816
2.2492
2.1490
2.2374
2.2437
2.1374
2.1301
2.0555
2.0457
1.9666
2.0008
1.9368
1.9507
1.9694
1.9506
1.9557
2.0070
1.9170
1.9409
2.0758
2.0815
2.2664
2.2694
2.2618
2.1409
2.1252
2.0047
2.0896
2.0034
1.9626
1.9430
1.9828
1.9242
1.9430
1.9365
1.9394
1.9755
1.9852
2.0100
2.0846
2.1086
2.1525
2.1469
2.1428
2.1644
2.1823
2.0688
2.0012
1.9170
1.9973
1.9590
1.8899
1.9753
1.9538
1.8939
1.9125
1.9209
1.9854
2.0091
2.0253
2.1119
2.1150
2.1604
2.1503
2.1740
2.0905
2.0508
1.9806
2.0224
1.9544
1.8952
1.9463
1.8813
1.8481
1.8929
1.8812
1.8909
1.9751
2.0227
2.0641
2.0672
2.0785
2.1048
2.0374
2.0986
2.0984
1.9839
1.9317
1.8902
1.9006
1.9368
1.8657
1.8885
1.9151
1.8375
1.8455
1.8866
1.8973
1.9286
2.0017
2.0274
2.1276
2.1698
2.0778
2.0319
2.0317
2.0152
1.9565
1.9189
1.9435
1.8637
1.8280
1.8559
1.8389
1.8247
1.8590
1.9240
1.8799
1.9154
2.0436
2.0867
2.0424
2.1233
2.0966
2.0579
2.0392
1.9475
1.9387
1.9232
1.8921
1.8807
1.8213
1.8000
1.8252
1.8067
1.8214
1.8495
1.9478
1.9081
1.9743
2.0399
2.0583
2.0554
2.0619
2.0275
1.9422
1.9753
1.8929
1.9291
1.8568
1.8332
1.8495
1.8153
1.8075
1.8495
1.8360
1.7983
1.8744
1.8693
1.9764
1.9869
2.0424
2.0458
2.0304
