2.3274
1.7861
1.6704
1.5578
1.4689
1.4005
1.3336
1.2687
1.1952
1.1420
1.0871
1.0713
1.0222
0.9722
0.9273
0.9019
0.8821
0.8284
0.8022
0.7819
0.7537
0.7508
0.6942
0.6854
0.6570
0.6262
0.6070
0.5933
0.5731
0.5610

2.9923
1.2915
1.1092
1.0050
0.9290
0.8594
0.8023
0.7554
0.7078
0.6853
0.6426
0.5954
0.5812
0.5401
0.5162
0.5034
0.4665
0.4674
0.4307
0.4025
0.3884
0.3957
0.3806
0.3431
0.3339
0.3232
0.3015
0.3144
0.2818
0.2740

3.4510
1.3238
1.0869
0.9544
0.8616
0.7855
0.7222
0.6865
0.6477
0.6070
0.5609
0.5434
0.4926
0.4742
0.4405
0.4274
0.3874
0.3941
0.3761
0.3582
0.3284
0.3206
0.3137
0.2930
0.2885
0.2555
0.2505
0.2360
0.2424
0.2283

4.0958
1.2772
1.0074
0.8837
0.8058
0.7413
0.6776
0.6486
0.5848
0.5604
0.5378
0.5020
0.4851
0.4476
0.4291
0.4146
0.3984
0.3522
0.3525
0.3231
0.3294
0.3077
0.2897
0.2763
0.2716
0.2597
0.2412
0.2416
0.2345
0.1975

4.5801
1.1542
0.8396
0.7119
0.6285
0.5734
0.5243
0.4842
0.4396
0.4248
0.4044
0.3691
0.3467
0.3182
0.3140
0.3064
0.2762
0.2611
0.2546
0.2462
0.2411
0.2232
0.2074
0.1964
0.1973
0.1866
0.1823
0.1811
0.1787
0.1619

4.7166
1.0577
0.7755
0.6405
0.5652
0.5053
0.4571
0.4201
0.3912
0.3614
0.3314
0.3205
0.2950
0.2876
0.2592
0.2434
0.2380
0.2218
0.2150
0.2044
0.1925
0.1830
0.1867
0.1762
0.1699
0.1686
0.1492
0.1536
0.1339
0.1328

5.2267
1.0820
0.7674
0.6196
0.5554
0.4936
0.4368
0.4004
0.3683
0.3465
0.3221
0.2912
0.2859
0.2621
0.2507
0.2399
0.2242
0.2154
0.2108
0.2070
0.1895
0.1664
0.1703
0.1544
0.1613
0.1562
0.1499
0.1349
0.1339
0.1261

5.6524
1.2341
0.9055
0.7458
0.6447
0.5741
0.5174
0.4670
0.4335
0.4192
0.3515
0.3463
0.3218
0.2998
0.2833
0.2675
0.2401
0.2443
0.2188
0.2219
0.2084
0.1961
0.1925
0.1780
0.1756
0.1596
0.1645
0.1593
0.1478
0.1487

5.7387
1.1142
0.7776
0.6300
0.5389
0.4930
0.4169
0.3884
0.3649
0.3301
0.2976
0.2899
0.2861
0.2479
0.2335
0.2188
0.2108
0.2010
0.1981
0.1808
0.1754
0.1820
0.1619
0.1563
0.1587
0.1447
0.1547
0.1369
0.1362
0.1366

6.1302
1.2005
0.7813
0.6308
0.5316
0.4609
0.4233
0.3775
0.3550
0.3221
0.2861
0.2697
0.2595
0.2387
0.2291
0.2218
0.1963
0.1969
0.1851
0.1829
0.1738
0.1594
0.1443
0.1483
0.1426
0.1424
0.1348
0.1382
0.1353
0.1274

