0.2684
0.3612
0.4082
0.4418
0.4868
0.5094
0.5312
0.5532
0.5810
0.5996
0.6090
0.6228
0.6380
0.6626
0.6722
0.6838
0.6838
0.7068
0.7172
0.7232
0.7288
0.7332
0.7502
0.7572
0.7614
0.7730
0.7798
0.7874
0.7912
0.7968

0.3798
0.6168
0.6676
0.7014
0.7210
0.7546
0.7680
0.7844
0.7980
0.8040
0.8158
0.8400
0.8422
0.8538
0.8624
0.8650
0.8784
0.8808
0.8988
0.8938
0.9020
0.8974
0.9060
0.9156
0.9184
0.9210
0.9262
0.9224
0.9366
0.9348

0.3526
0.6514
0.7090
0.7488
0.7712
0.7994
0.8228
0.8250
0.8408
0.8540
0.8634
0.8722
0.8898
0.8888
0.8992
0.9078
0.9142
0.9120
0.9232
0.9244
0.9336
0.9328
0.9334
0.9404
0.9448
0.9536
0.9574
0.9604
0.9534
0.9640

0.3562
0.6762
0.7372
0.7712
0.7928
0.8130
0.8256
0.8390
0.8604
0.8672
0.8742
0.8820
0.8942
0.9018
0.9052
0.9090
0.9118
0.9320
0.9312
0.9368
0.9360
0.9436
0.9486
0.9546
0.9526
0.9590
0.9624
0.9658
0.9636
0.9768

0.3554
0.7388
0.8086
0.8288
0.8554
0.8742
0.8826
0.8974
0.9012
0.9124
0.9136
0.9286
0.9326
0.9454
0.9428
0.9450
0.9536
0.9580
0.9626
0.9608
0.9614
0.9714
0.9728
0.9772
0.9742
0.9770
0.9784
0.9784
0.9780
0.9842

0.4010
0.7588
0.8174
0.8472
0.8660
0.8830
0.8946
0.9104
0.9176
0.9266
0.9344
0.9372
0.9444
0.9494
0.9546
0.9588
0.9612
0.9672
0.9668
0.9678
0.9736
0.9744
0.9722
0.9740
0.9788
0.9780
0.9862
0.9810
0.9908
0.9886

0.3440
0.7808
0.8346
0.8700
0.8834
0.8960
0.9116
0.9206
0.9244
0.9306
0.9402
0.9476
0.9484
0.9572
0.9618
0.9612
0.9668
0.9712
0.9688
0.9696
0.9774
0.9828
0.9794
0.9848
0.9838
0.9846
0.9836
0.9888
0.9894
0.9900

0.3270
0.7302
0.7932
0.8234
0.8524
0.8732
0.8856
0.9046
0.9124
0.9150
0.9366
0.9368
0.9458
0.9492
0.9536
0.9612
0.9700
0.9656
0.9742
0.9700
0.9774
0.9760
0.9774
0.9846
0.9804
0.9862
0.9828
0.9862
0.9888
0.9888

0.3550
0.7684
0.8362
0.8646
0.8930
0.8998
0.9220
0.9276
0.9308
0.9420
0.9514
0.9506
0.9550
0.9660
0.9714
0.9740
0.9754
0.9772
0.9758
0.9830
0.9836
0.9806
0.9866
0.9854
0.9852
0.9900
0.9850
0.9906
0.9912
0.9910

0.3156
0.7744
0.8462
0.8756
0.8980
0.9166
0.9220
0.9300
0.9350
0.9456
0.9550
0.9592
0.9662
0.9726
0.9730
0.9714
0.9790
0.9780
0.9806
0.9808
0.9832
0.9876
0.9912
0.9884
0.9902
0.9904
0.9916
0.9908
0.9904
0.9920

