0.3486
0.4672
0.5200
0.5530
0.5768
0.6054
0.6340
0.6590
0.6764
0.6980
0.7114
0.7308
0.7388
0.7516
0.7652
0.7766
0.7870
0.7842
0.7990
0.8162
0.8212
0.8318
0.8366
0.8428
0.8412
0.8542
0.8568
0.8630
0.8724
0.8712

0.1244
0.3822
0.4954
0.5974
0.6568
0.6856
0.7056
0.7270
0.7488
0.7594
0.7800
0.7878
0.7910
0.8004
0.8164
0.8254
0.8326
0.8388
0.8494
0.8564
0.8730
0.8676
0.8808
0.8936
0.8970
0.8938
0.8990
0.9066
0.9084
0.9190

0.0026
0.0034
0.0242
0.0702
0.1176
0.1114
0.4570
0.5958
0.6284
0.5552
0.6628
0.6978
0.7160
0.7352
0.7472
0.7644
0.7754
0.7758
0.7794
0.7964
0.8054
0.8148
0.8222
0.8294
0.8352
0.8436
0.8420
0.8540
