2.2122
1.5570
1.4103
1.2892
1.2033
1.1341
1.0583
0.9989
0.9378
0.8848
0.8435
0.8035
0.7590
0.7403
0.6921
0.6545
0.6406
0.6192
0.5743
0.5668
0.5319
0.5012
0.4987
0.4728
0.4562
0.4407
0.4235
0.4110
0.3862
0.3777

3.6605
1.8962
1.5275
1.2072
1.0457
0.9443
0.8676
0.8286
0.7640
0.7370
0.6698
0.6388
0.6123
0.6024
0.5563
0.5213
0.4914
0.4812
0.4559
0.4330
0.3799
0.3978
0.3682
0.3284
0.3205
0.3260
0.2986
0.2857
0.2808
0.2513

7.1270
6.8317
4.6867
3.8787
3.5387
4.2633
1.7034
1.2296
1.1055
1.4252
1.0018
0.9027
0.8462
0.7925
0.7536
0.7069
0.6889
0.6618
0.6371
0.6049
0.5584
0.5531
0.5161
0.5154
0.4843
0.4570
0.4444
0.4169
