2.2285
1.6633
1.5386
1.4423
1.3496
1.2895
1.2287
1.1667
1.0985
1.0741
1.0063
0.9703
0.9150
0.8844
0.8474
0.8319
0.7954
0.7747
0.7383
0.7117
0.6945
0.6631
0.6490
0.6219
0.5859
0.5825
0.5411
0.5376
0.5183
0.4843

2.8783
1.3050
1.0896
0.9618
0.8717
0.8073
0.7555
0.7128
0.6553
0.6330
0.5724
0.5736
0.5312
0.4964
0.4742
0.4567
0.4318
0.4185
0.3787
0.3615
0.3487
0.3321
0.3173
0.2987
0.2758
0.2627
0.2654
0.2410
0.2547
0.2267

3.0811
1.2130
0.9889
0.8673
0.7763
0.7310
0.6560
0.6137
0.5634
0.5164
0.4884
0.4691
0.4442
0.4042
0.3880
0.3462
0.3489
0.3142
0.3190
0.2767
0.2915
0.2660
0.2457
0.2537
0.2338
0.1937
0.2091
0.1977
0.1690
0.1510

2.9423
0.9974
0.7723
0.6566
0.5789
0.5088
0.4772
0.4352
0.3978
0.3638
0.3474
0.3187
0.2981
0.2829
0.2608
0.2491
0.2306
0.2112
0.2033
0.1909
0.1793
0.1770
0.1637
0.1384
0.1516
0.1381
0.1346
0.1016
0.1133
0.1063

2.8349
0.9043
0.7216
0.6203
0.5514
0.5060
0.4491
0.4152
0.3912
0.3576
0.3200
0.3174
0.2899
0.2846
0.2657
0.2268
0.2211
0.2053
0.1875
0.1921
0.1648
0.1607
0.1518
0.1556
0.1389
0.1470
0.1238
0.1158
0.1038
0.1105

2.9655
0.8422
0.5960
0.4851
0.4210
0.3786
0.3351
0.2871
0.2669
0.2467
0.2216
0.2032
0.1733
0.1660
0.1791
0.1464
0.1356
0.1356
0.1098
0.1146
0.0975
0.0873
0.0817
0.0888
0.0776
0.0676
0.0666
0.0571
0.0579
0.0626

2.7409
0.6646
0.4795
0.3810
0.3171
0.2690
0.2399
0.2028
0.1987
0.1698
0.1500
0.1414
0.1184
0.1069
0.0963
0.1018
0.0790
0.0720
0.0675
0.0670
0.0627
0.0538
0.0509
0.0499
0.0608
0.0415
0.0422
0.0429
0.0359
0.0340

2.6657
0.6766
0.5256
0.4359
0.3674
0.3254
0.2775
0.2593
0.2457
0.2241
0.2034
0.1848
0.1602
0.1546
0.1602
0.1340
0.1282
0.1201
0.1178
0.1147
0.0898
0.0973
0.0824
0.1008
0.0923
0.0678
0.0724
0.0796
0.0829
0.0713

