0.3312
0.4254
0.4650
0.4850
0.5252
0.5452
0.5650
0.5814
0.6038
0.6178
0.6436
0.6676
0.6734
0.6832
0.7020
0.7002
0.7138
0.7290
0.7404
0.7488
0.7548
0.7648
0.7660
0.7812
0.7894
0.7938
0.8064
0.8000
0.8154
0.8270

0.3404
0.5794
0.6420
0.6802
0.7096
0.7358
0.7464
0.7590
0.7900
0.7854
0.8090
0.8122
0.8252
0.8306
0.8466
0.8492
0.8550
0.8612
0.8724
0.8770
0.8872
0.8906
0.8924
0.8996
0.9076
0.9136
0.9130
0.9226
0.9134
0.9240

0.3308
0.6210
0.6916
0.7228
0.7476
0.7592
0.7854
0.7968
0.8158
0.8328
0.8454
0.8476
0.8552
0.8676
0.8708
0.8830
0.8830
0.8990
0.8976
0.9120
0.9010
0.9102
0.9196
0.9184
0.9230
0.9374
0.9334
0.9354
0.9468
0.9540

0.4102
0.6800
0.7454
0.7800
0.8070
0.8298
0.8432
0.8522
0.8642
0.8728
0.8836
0.8928
0.9024
0.9032
0.9148
0.9172
0.9208
0.9284
0.9308
0.9368
0.9428
0.9396
0.9464
0.9564
0.9520
0.9532
0.9578
0.9684
0.9632
0.9668

0.4162
0.6940
0.7504
0.7842
0.8108
0.8252
0.8468
0.8574
0.8628
0.8726
0.8898
0.8892
0.9002
0.8994
0.9092
0.9204
0.9248
0.9296
0.9318
0.9328
0.9458
0.9444
0.9480
0.9442
0.9534
0.9490
0.9586
0.9618
0.9638
0.9598

0.4186
0.7446
0.8152
0.8432
0.8672
0.8772
0.8942
0.9066
0.9114
0.9220
0.9260
0.9356
0.9448
0.9456
0.9376
0.9532
0.9588
0.9590
0.9658
0.9630
0.9708
0.9728
0.9742
0.9736
0.9774
0.9798
0.9804
0.9844
0.9850
0.9814

0.4896
0.7974
0.8494
0.8790
0.9000
0.9156
0.9294
0.9378
0.9382
0.9472
0.9508
0.9552
0.9630
0.9672
0.9706
0.9698
0.9762
0.9808
0.9832
0.9814
0.9822
0.9834
0.9848
0.9858
0.9808
0.9890
0.9878
0.9880
0.9902
0.9908

0.4836
0.7736
0.8198
0.8520
0.8732
0.8920
0.9032
0.9128
0.9148
0.9226
0.9290
0.9350
0.9484
0.9460
0.9474
0.9580
0.9582
0.9584
0.9598
0.9616
0.9684
0.9674
0.9736
0.9654
0.9702
0.9778
0.9780
0.9736
0.9744
0.9768

