0.3056
0.4056
0.4472
0.4984
0.5364
0.5598
0.5994
0.6258
0.6394
0.6634
0.6852
0.6884
0.7084
0.7220
0.7362
0.7440
0.7494
0.7672
0.7756
0.7902
0.7960
0.7990
0.8048
0.8176
0.8180
0.8246
0.8362
0.8390
0.8512
0.8500
0.8572
0.8570
0.8668
0.8702
0.8834
0.8800
0.8848
0.8912
0.8934
0.8966
0.9042
0.9006
0.9060
0.9072
0.9194
0.9130
0.9212
0.9232
0.9322
0.9338

0.4632
0.6539
0.7077
0.7285
0.7502
0.7562
0.7721
0.7808
0.7911
0.7975
0.8047
0.8151
0.8231
0.8294
0.8337
0.8358
0.8437
0.8586
0.8598
0.8577
0.8675
0.8721
0.8776
0.8818
0.8874
0.9004
0.8936
0.9008
0.9028
0.9077
0.9074
0.9155
0.9242
0.9259
0.9234
0.9293
0.9282
0.9341
0.9336
0.9411
0.9437
0.9437
0.9423
0.9461
0.9450
0.9527
0.9543
0.9633
0.9618
0.9611

0.4393
0.6607
0.7243
0.7576
0.7711
0.7859
0.8091
0.8183
0.8264
0.8349
0.8433
0.8493
0.8569
0.8647
0.8721
0.8756
0.8818
0.8887
0.8995
0.8986
0.9040
0.9159
0.9129
0.9155
0.9244
0.9308
0.9271
0.9323
0.9355
0.9373
0.9369
0.9450
0.9450
0.9467
0.9512
0.9522
0.9617
0.9525
0.9601
0.9667
0.9652
0.9581
0.9677
0.9655
0.9692
0.9616
0.9687
0.9729
0.9737
0.9761

0.4505
0.6970
0.7548
0.7891
0.7989
0.8124
0.8200
0.8395
0.8503
0.8564
0.8553
0.8717
0.8700
0.8778
0.8830
0.8891
0.8866
0.9010
0.9007
0.9084
0.9154
0.9162
0.9116
0.9202
0.9290
0.9267
0.9251
0.9314
0.9376
0.9362
0.9407
0.9394
0.9433
0.9488
0.9508
0.9510
0.9526
0.9526
0.9529
0.9596
0.9559
0.9576
0.9608
0.9645
0.9641
0.9576
0.9621
0.9709
0.9649
0.9651

0.4121
0.6725
0.7469
0.7723
0.7940
0.8004
0.8236
0.8300
0.8409
0.8496
0.8507
0.8603
0.8682
0.8758
0.8791
0.8901
0.8893
0.8916
0.8912
0.8973
0.9088
0.9105
0.9171
0.9248
0.9223
0.9288
0.9273
0.9252
0.9333
0.9303
0.9425
0.9418
0.9362
0.9456
0.9425
0.9487
0.9502
0.9511
0.9483
0.9541
0.9543
0.9524
0.9578
0.9565
0.9608
0.9610
0.9649
0.9636
0.9626
