2.3110
1.7711
1.6221
1.4892
1.3917
1.2912
1.2006
1.1194
1.0676
1.0045
0.9394
0.9091
0.8563
0.8142
0.7878
0.7513
0.7204
0.6874
0.6704
0.6307
0.6137
0.5903
0.5742
0.5375
0.5300
0.5118
0.4766
0.4663
0.4507
0.4511
0.4136
0.4149
0.3940
0.3737
0.3545
0.3478
0.3365
0.3208
0.3089
0.3037
0.2830
0.2828
0.2683
0.2653
0.2490
0.2544
0.2268
0.2199
0.1952
0.1912

2.6633
1.1746
0.9391
0.8470
0.7779
0.7359
0.6948
0.6544
0.6347
0.5992
0.5735
0.5498
0.5279
0.5063
0.4870
0.4730
0.4556
0.4219
0.4177
0.4124
0.3848
0.3765
0.3577
0.3529
0.3267
0.3052
0.3117
0.2841
0.2801
0.2717
0.2725
0.2483
0.2262
0.2321
0.2264
0.2106
0.2121
0.2011
0.2047
0.1778
0.1672
0.1686
0.1763
0.1608
0.1639
0.1481
0.1390
0.1203
0.1276
0.1227

2.9024
1.1986
0.9164
0.7978
0.7278
0.6786
0.6135
0.5743
0.5442
0.5172
0.4954
0.4737
0.4433
0.4250
0.4099
0.3907
0.3732
0.3529
0.3305
0.3217
0.3025
0.2819
0.2803
0.2744
0.2484
0.2319
0.2383
0.2173
0.2123
0.2062
0.2061
0.1776
0.1807
0.1755
0.1646
0.1539
0.1383
0.1541
0.1373
0.1242
0.1229
0.1390
0.1124
0.1163
0.1120
0.1241
0.1055
0.1022
0.0980
0.0882

2.8165
1.0519
0.7986
0.6730
0.6253
0.5878
0.5530
0.5046
0.4729
0.4562
0.4432
0.4066
0.4050
0.3855
0.3719
0.3559
0.3497
0.3172
0.3097
0.2936
0.2770
0.2668
0.2823
0.2522
0.2339
0.2340
0.2444
0.2216
0.2060
0.2134
0.1972
0.1893
0.1817
0.1725
0.1646
0.1676
0.1604
0.1545
0.1557
0.1400
0.1456
0.1396
0.1323
0.1271
0.1234
0.1382
0.1262
0.1070
0.1195
0.1170

2.9593
1.1932
0.8471
0.7393
0.6662
0.6272
0.5781
0.5489
0.5096
0.4896
0.4644
0.4405
0.4182
0.3995
0.3827
0.3533
0.3508
0.3477
0.3457
0.3249
0.2971
0.2941
0.2718
0.2481
0.2549
0.2414
0.2471
0.2453
0.2220
0.2276
0.1960
0.1945
0.2057
0.1827
0.1843
0.1729
0.1763
0.1666
0.1720
0.1626
0.1573
0.1613
0.1424
0.1457
0.1392
0.1344
0.1234
0.1256
0.1326
