0.3114
0.4002
0.4560
0.4998
0.5296
0.5588
0.5826
0.6072
0.6118
0.6344
0.6598
0.6636
0.6766
0.6878
0.7008
0.7216
0.7218
0.7338
0.7444
0.7592
0.7546
0.7784
0.7920
0.7948
0.8114
0.8072
0.8264
0.8228
0.8358
0.8362

0.2775
0.5019
0.6007
0.6395
0.6532
0.6768
0.6969
0.7013
0.7056
0.7257
0.7368
0.7409
0.7471
0.7624
0.7617
0.7704
0.7765
0.7824
0.7935
0.8011
0.8055
0.8028
0.8193
0.8171
0.8279
0.8268
0.8333
0.8363
0.8420
0.8509

0.2672
0.5240
0.6077
0.6291
0.6489
0.6655
0.6789
0.6999
0.7013
0.7105
0.7171
0.7293
0.7415
0.7451
0.7476
0.7485
0.7601
0.7685
0.7775
0.7796
0.7884
0.7852
0.8052
0.8012
0.7975
0.8096
0.8088
0.8204
0.8227
0.8303

0.2488
0.5761
0.6468
0.6829
0.7005
0.7197
0.7235
0.7397
0.7343
0.7552
0.7668
0.7649
0.7687
0.7780
0.7872
0.7941
0.7876
0.8065
0.8075
0.8075
0.8123
0.8229
0.8187
0.8295
0.8296
0.8336
0.8343
0.8444
0.8464
0.8499

0.2299
0.5444
0.6309
0.6547
0.6677
0.6929
0.6987
0.7141
0.7276
0.7347
0.7499
0.7408
0.7593
0.7603
0.7708
0.7765
0.7791
0.7867
0.7943
0.7936
0.8011
0.8063
0.8107
0.8111
0.8101
0.8205
0.8332
0.8319
0.8268
0.8319

0.2889
0.6176
0.6817
0.7079
0.7275
0.7397
0.7420
0.7609
0.7588
0.7811
0.7857
0.7847
0.7944
0.8023
0.7979
0.8081
0.8073
0.8183
0.8228
0.8237
0.8361
0.8369
0.8299
0.8404
0.8411
0.8451
0.8536
0.8503
0.8484
0.8580

0.2621
0.6283
0.6916
0.7189
0.7413
0.7451
0.7628
0.7721
0.7776
0.7872
0.7985
0.8011
0.8079
0.8200
0.8139
0.8240
0.8300
0.8293
0.8380
0.8471
0.8384
0.8456
0.8523
0.8472
0.8576
0.8545
0.8573
0.8691
0.8705
0.8611

0.2964
0.6909
0.7408
0.7529
0.7651
0.7699
0.7799
0.7904
0.7900
0.7996
0.8111
0.8060
0.8123
0.8143
0.8191
0.8268
0.8285
0.8333
0.8387
0.8404
0.8332
0.8401
0.8397
0.8417
0.8499
0.8499
0.8485
0.8572
0.8608
0.8615

0.2303
0.6071
0.6837
0.7109
0.7336
0.7412
0.7523
0.7691
0.7768
0.7885
0.7956
0.7968
0.8004
0.8127
0.8164
0.8069
0.8213
0.8240
0.8329
0.8301
0.8372
0.8432
0.8496
0.8428
0.8479
0.8529
0.8489
0.8571
0.8545
0.8644

0.2744
0.5979
0.6632
0.6881
0.6963
0.7223
0.7299
0.7501
0.7461
0.7515
0.7657
0.7811
0.7860
0.7888
0.7941
0.8012
0.8073
0.8055
0.8087
0.8153
0.8173
0.8199
0.8248
0.8316
0.8345
0.8448
0.8369
0.8435
0.8441
0.8444

