0.3420
0.4268
0.4714
0.5034
0.5280
0.5580
0.5926
0.6090
0.6272
0.6460
0.6690
0.6878
0.7048
0.7178
0.7194
0.7398
0.7560
0.7610
0.7684
0.7788
0.7904
0.7942
0.7960
0.8098
0.8140
0.8236
0.8246
0.8368
0.8504
0.8474

0.7377
0.7839
0.8094
0.8337
0.8516
0.8697
0.8850
0.8967
0.9079
0.9184
0.9264
0.9344
0.9419
0.9454
0.9473
0.9515
0.9564
0.9599
0.9635
0.9660
0.9680
0.9712
0.9725
0.9739
0.9760
0.9781
0.9765
0.9794
0.9794
0.9807

0.7906
0.8505
0.8668
0.8811
0.8897
0.8998
0.9059
0.9180
0.9245
0.9257
0.9386
0.9399
0.9427
0.9461
0.9491
0.9540
0.9584
0.9591
0.9654
0.9680
0.9689
0.9710
0.9734
0.9747
0.9761
0.9806
0.9802
0.9811
0.9845
0.9844

0.7926
0.8711
0.8890
0.9021
0.9058
0.9164
0.9220
0.9294
0.9313
