2.2440
1.7194
1.5843
1.4709
1.3856
1.2967
1.2088
1.1541
1.0939
1.0348
0.9806
0.9294
0.8857
0.8522
0.8354
0.7772
0.7382
0.7163
0.6879
0.6494
0.6196
0.6063
0.5940
0.5651
0.5367
0.5162
0.5065
0.4816
0.4366
0.4429

1.0260
0.6861
0.5957
0.5171
0.4520
0.4072
0.3551
0.3185
0.2839
0.2537
0.2296
0.2077
0.1843
0.1723
0.1637
0.1514
0.1381
0.1269
0.1185
0.1074
0.1028
0.0927
0.0866
0.0802
0.0788
0.0697
0.0716
0.0655
0.0641
0.0611

0.9771
0.5194
0.4465
0.3949
0.3591
0.3270
0.3037
0.2688
0.2461
0.2410
0.2043
0.1934
0.1836
0.1710
0.1628
0.1471
0.1347
0.1306
0.1128
0.1073
0.0996
0.0952
0.0872
0.0845
0.0790
0.0680
0.0666
0.0623
0.0545
0.0539

0.9856
0.4305
0.3597
0.3089
0.2945
0.2615
0.2446
0.2199
0.2122
