0.2596
0.3450
0.3904
0.4216
0.4564
0.4872
0.5124
0.5544
0.5718
0.5940
0.6118
0.6304
0.6454
0.6646
0.6728
0.6824
0.6926
0.7008
0.7170
0.7252
0.7398
0.7406
0.7594
0.7574
0.7638
0.7766
0.7806
0.7908
0.7892
0.7954

0.4187
0.5820
0.6415
0.6673
0.6879
0.7022
0.7104
0.7302
0.7323
0.7459
0.7576
0.7683
0.7747
0.7853
0.7887
0.8024
0.8002
0.8179
0.8211
0.8261
0.8312
0.8416
0.8439
0.8550
0.8552
0.8592
0.8676
0.8745
0.8744
0.8796

0.4400
0.6290
0.6678
0.6857
0.7112
0.7248
0.7319
0.7542
0.7582
0.7664
0.7803
0.7845
0.7919
0.8014
0.8010
0.8219
0.8209
0.8252
0.8332
0.8426
0.8437
0.8463
0.8577
0.8603
0.8622
0.8762
0.8778
0.8718
0.8871
0.8914

0.4742
0.7090
0.7583
0.7738
0.7938
0.8046
0.8194
0.8231
0.8291
0.8428
0.8387
0.8507
0.8515
0.8596
0.8705
0.8726
0.8746
0.8810
0.8828
0.8923
0.8877
0.8953
0.8967
0.9036
0.9030
0.9034
0.9032
0.9131
0.9096
0.9143

0.4776
0.7079
0.7559
0.7672
0.7726
0.7959
0.8000
0.8192
0.8239
0.8346
0.8370
0.8437
0.8468
0.8506
0.8639
0.8667
0.8651
0.8717
0.8785
0.8773
0.8878
0.8908
0.8929
0.9022
0.8986
0.9004
0.9093
0.9111
0.9125
0.9111

0.4460
0.6904
0.7414
0.7692
0.7872
0.7975
0.8127
0.8183
0.8272
0.8333
0.8409
0.8402
0.8549
0.8552
0.8626
0.8675
0.8716
0.8786
0.8757
0.8837
0.8877
0.8936
0.8892
0.8899
0.8965
0.9030
0.9011
0.9045
0.9101
0.9026

0.4516
0.7194
0.7607
0.7815
0.7880
0.8030
0.8065
0.8248
0.8254
0.8324
0.8454
0.8502
0.8490
0.8560
0.8597
0.8601
0.8654
0.8686
0.8736
0.8718
0.8787
0.8898
0.8922
0.8871
0.8913
0.8881
0.8995
0.9016
0.9032
0.9031

0.4516
0.7172
0.7613
0.7779
0.7965
0.8051
0.8202
0.8287
0.8249
0.8417
0.8523
0.8605
0.8548
0.8720
0.8664
0.8722
0.8825
0.8787
0.8895
0.8914
0.8847
