2.2607
1.7194
1.5638
1.4459
1.3371
1.2652
1.2063
1.1448
1.1092
1.0413
0.9941
0.9526
0.9386
0.8807
0.8481
0.8132
0.7860
0.7531
0.7270
0.6909
0.6964
0.6384
0.6146
0.6061
0.5590
0.5649
0.5104
0.5069
0.4839
0.4767

3.8591
1.7145
1.3083
1.1800
1.1111
1.0452
0.9760
0.9428
0.9065
0.8765
0.8381
0.8106
0.8019
0.7464
0.7520
0.7171
0.7172
0.6767
0.6644
0.6353
0.6206
0.6110
0.5876
0.5704
0.5501
0.5480
0.5236
0.5153
0.5025
0.4804

3.9237
1.6514
1.3369
1.2225
1.1589
1.0764
1.0573
0.9939
0.9657
0.9361
0.9162
0.8721
0.8488
0.8282
0.8189
0.8046
0.7763
0.7578
0.7263
0.7222
0.6940
0.6886
0.6493
0.6504
0.6409
0.6297
0.6202
0.5792
0.5850
0.5575

3.9469
1.5948
1.2723
1.1063
1.0537
0.9618
0.9416
0.8962
0.8799
0.8412
0.7948
0.8012
0.7816
0.7448
0.7293
0.7141
0.7175
0.6649
0.6541
0.6489
0.6385
0.6090
0.6054
0.5906
0.5919
0.5727
0.5656
0.5543
0.5345
0.5132

4.0242
1.6576
1.2875
1.1830
1.0885
1.0412
0.9911
0.9469
0.9114
0.8760
0.8486
0.8508
0.8047
0.8000
0.7635
0.7433
0.7355
0.7196
0.6899
0.6884
0.6685
0.6593
0.6410
0.6170
0.6266
0.6071
0.5723
0.5717
0.5823
0.5593

3.7530
1.4565
1.1507
1.0186
0.9565
0.9016
0.8933
0.8384
0.8293
0.7669
0.7578
0.7375
0.7156
0.6964
0.6975
0.6662
0.6638
0.6301
0.6185
0.6281
0.5913
0.5767
0.5843
0.5722
0.5443
0.5536
0.5182
0.5283
0.5244
0.4885

3.8077
1.4850
1.1535
1.0205
0.9444
0.9106
0.8592
0.8094
0.7886
0.7550
0.7268
0.7040
0.6923
0.6628
0.6660
0.6492
0.6294
0.6216
0.5906
0.5571
0.5818
0.5530
0.5415
0.5495
0.5319
0.5238
0.5083
0.4857
0.4897
0.5002

3.7168
1.2288
0.9661
0.8910
0.8354
0.8214
0.7655
0.7394
0.7297
0.7042
0.6812
0.6873
0.6460
0.6461
0.6355
0.6014
0.5975
0.5871
0.5736
0.5597
0.5803
0.5532
0.5631
0.5435
0.5318
0.5205
0.5265
0.4975
0.4911
0.4952

3.9103
1.5909
1.1738
1.0496
0.9654
0.9120
0.8812
0.8279
0.8203
0.7699
0.7420
0.7384
0.7158
0.6840
0.6676
0.6890
0.6335
0.6353
0.6129
0.5994
0.5753
0.5772
0.5607
0.5571
0.5581
0.5374
0.5358
0.5244
0.5170
0.4936

3.8474
1.5197
1.2263
1.1071
1.0517
0.9949
0.9670
0.9012
0.8878
0.8951
0.8304
0.7977
0.7814
0.7659
0.7394
0.7324
0.7234
0.7124
0.6976
0.6702
0.6621
0.6653
0.6418
0.6174
0.6166
0.5861
0.6011
0.5841
0.5849
0.5835

