2.3860
1.8931
1.7692
1.6552
1.5655
1.4810
1.3798
1.2948
1.2292
1.1604
1.1250
1.0463
1.0226
0.9668
0.9258
0.8900
0.8677
0.8443
0.8025
0.7729
0.7437
0.7329
0.6893
0.6770
0.6581
0.6318
0.6127
0.5860
0.5904
0.5693

2.7798
1.3813
1.1900
1.0795
1.0102
0.9484
0.9063
0.8617
0.8251
0.7932
0.7557
0.7217
0.6984
0.6714
0.6518
0.6130
0.6116
0.5701
0.5597
0.5357
0.5170
0.4897
0.4770
0.4496
0.4355
0.4268
0.4060
0.3842
0.3793
0.3621

2.7919
1.2834
1.1122
1.0237
0.9510
0.8887
0.8636
0.8110
0.7826
0.7591
0.7151
0.6965
0.6827
0.6345
0.6406
0.5844
0.5740
0.5607
0.5411
0.5095
0.5020
0.4893
0.4699
0.4494
0.4350
0.4022
0.4033
0.4083
0.3705
0.3537

2.6524
1.0541
0.8369
0.7626
0.6895
0.6511
0.6014
0.5790
0.5560
0.5228
0.5203
0.4970
0.4752
0.4643
0.4304
0.4259
0.4098
0.3955
0.3882
0.3656
0.3748
0.3418
0.3351
0.3188
0.3185
0.3179
0.3089
0.2853
0.2955
0.2805

2.6042
1.0240
0.8253
0.7762
0.7357
0.6658
0.6403
0.5893
0.5810
0.5407
0.5316
0.5081
0.4979
0.4906
0.4487
0.4464
0.4506
0.4216
0.3981
0.3953
0.3744
0.3659
0.3552
0.3342
0.3302
0.3285
0.3072
0.3060
0.2947
0.2923

2.7405
1.0723
0.8552
0.7607
0.6970
0.6573
0.6227
0.5911
0.5665
0.5473
0.5217
0.5093
0.4772
0.4805
0.4503
0.4434
0.4178
0.4010
0.4097
0.3799
0.3682
0.3565
0.3590
0.3612
0.3459
0.3297
0.3332
0.3172
0.3055
0.3138

2.7642
1.0351
0.8409
0.7366
0.6990
0.6605
0.6394
0.5982
0.5684
0.5551
0.5166
0.5088
0.4961
0.4867
0.4718
0.4628
0.4428
0.4323
0.4166
0.4059
0.4035
0.3836
0.3617
0.3767
0.3705
0.3663
0.3336
0.3310
0.3236
0.3221

2.7863
1.0619
0.8283
0.7485
0.6869
0.6496
0.6087
0.5727
0.5695
0.5368
0.4973
0.4727
0.4843
0.4379
0.4464
0.4346
0.4040
0.4078
0.3748
0.3665
0.3879
